4.0 0.0
3.8637033051562732 1.035276180410083
3.464101615137755 1.9999999999999998
2.8284271247461903 2.82842712474619
2.0000000000000004 3.4641016151377544
1.0352761804100838 3.863703305156273
2.4492935982947064e-16 4.0
-1.0352761804100825 3.8637033051562732
-1.9999999999999991 3.464101615137755
-2.82842712474619 2.8284271247461903
-3.464101615137754 2.0000000000000013
-3.863703305156273 1.035276180410084
-4.0 4.898587196589413e-16
-3.8637033051562737 -1.0352761804100814
-3.4641016151377553 -1.999999999999999
-2.8284271247461916 -2.8284271247461885
-2.0000000000000018 -3.4641016151377535
-1.035276180410086 -3.8637033051562724
-7.347880794884119e-16 -4.0
1.0352761804100812 -3.8637033051562737
1.9999999999999973 -3.464101615137756
2.8284271247461894 -2.8284271247461907
3.4641016151377535 -2.0000000000000018
3.8637033051562724 -1.0352761804100863
4.0 -9.797174393178826e-16
